  7.5000000e-003  2.7762009e-001
  1.2500000e-002  4.3539133e-001
  1.7500000e-002  6.4395353e-001
  2.2500000e-002  7.8572216e-001
  2.7500000e-002  9.9843007e-001
  3.2500000e-002  1.1305947e+000
  3.7500000e-002  1.5155708e+000
  4.2500000e-002  1.5656349e+000
  4.7500000e-002  1.8917325e+000
  5.2500000e-002  2.0989678e+000
  5.7500000e-002  2.4608571e+000
  6.2500000e-002  2.6650122e+000
  6.7500000e-002  3.1516350e+000
  7.2500000e-002  3.1336489e+000
  7.7500000e-002  3.8301786e+000
  8.2500000e-002  4.3188100e+000
  8.7500000e-002  4.3481743e+000
  9.2500000e-002  4.7776562e+000
  9.7500000e-002  5.4495869e+000
  1.0250000e-001  5.8663933e+000
  1.0750000e-001  6.1621950e+000
  1.1250000e-001  6.8918613e+000
  1.1750000e-001  7.8850491e+000
  1.2250000e-001  8.2774508e+000
  1.2750000e-001  9.1299900e+000
  1.3250000e-001  1.0613175e+001
  1.3750000e-001  1.0991617e+001
  1.4250000e-001  1.2740417e+001
  1.4750000e-001  1.3918133e+001
  1.5250000e-001  1.5288230e+001
  1.5750000e-001  1.6154060e+001
  1.6250000e-001  1.7763940e+001
  1.6750000e-001  1.8894613e+001
  1.7250000e-001  2.0262220e+001
  1.7750000e-001  2.1278527e+001
  1.8250000e-001  2.2333833e+001
  1.8750000e-001  2.3778744e+001
  1.9250000e-001  2.5571592e+001
  1.9750000e-001  2.7755429e+001
  2.0250000e-001  3.0228307e+001
  2.0750000e-001  3.2759822e+001
  2.1250000e-001  3.5514935e+001
  2.1750000e-001  3.8340036e+001
  2.2250000e-001  4.1314231e+001
  2.2750000e-001  4.4807859e+001
  2.3250000e-001  4.8643450e+001
  2.3750000e-001  5.2693993e+001
  2.4250000e-001  5.6409107e+001
  2.4750000e-001  6.0773486e+001
  2.5250000e-001  6.4792639e+001
  2.5750000e-001  6.9294731e+001
  2.6250000e-001  7.4381678e+001
  2.6750000e-001  7.8939197e+001
  2.7250000e-001  8.4047570e+001
  2.7750000e-001  8.9130523e+001
  2.8250000e-001  9.4069539e+001
  2.8750000e-001  1.0062800e+002
  2.9250000e-001  1.0679404e+002
  2.9750000e-001  1.1213839e+002
  3.0250000e-001  1.1896752e+002
  3.0750000e-001  1.2534597e+002
  3.1250000e-001  1.3209804e+002
  3.1750000e-001  1.3918384e+002
  3.2250000e-001  1.4539083e+002
  3.2750000e-001  1.5326448e+002
  3.3250000e-001  1.6029244e+002
  3.3750000e-001  1.6719993e+002
  3.4250000e-001  1.7611823e+002
  3.4750000e-001  1.8303380e+002
  3.5250000e-001  1.9036863e+002
  3.5750000e-001  1.9913937e+002
  3.6250000e-001  2.0576473e+002
  3.6750000e-001  2.1470843e+002
  3.7250000e-001  2.2289489e+002
  3.7750000e-001  2.3051104e+002
  3.8250000e-001  2.4045964e+002
  3.8750000e-001  2.4763342e+002
  3.9250000e-001  2.5623926e+002
  3.9750000e-001  2.5605994e+002
  4.0250000e-001  2.7283048e+002
  4.0750000e-001  2.7701316e+002
  4.1250000e-001  2.8567313e+002
  4.1750000e-001  2.9663258e+002
  4.2250000e-001  3.0786733e+002
  4.2750000e-001  3.1545524e+002
  4.3250000e-001  3.2477573e+002
  4.3750000e-001  3.3279403e+002
  4.4250000e-001  3.3882715e+002
  4.4750000e-001  3.5095386e+002
  4.5250000e-001  3.5905272e+002
  4.5750000e-001  3.6893729e+002
  4.6250000e-001  3.7627259e+002
  4.6750000e-001  3.8295132e+002
  4.7250000e-001  3.9321039e+002
  4.7750000e-001  3.9709791e+002
  4.8250000e-001  4.0355171e+002
  4.8750000e-001  4.1304800e+002
  4.9250000e-001  4.1798269e+002
  4.9750000e-001  4.3148610e+002
  5.0250000e-001  4.3834013e+002
  5.0750000e-001  4.2514451e+002
  5.1250000e-001  4.4846692e+002
  5.1750000e-001  4.4941159e+002
  5.2250000e-001  4.5552088e+002
  5.2750000e-001  4.6594623e+002
  5.3250000e-001  4.6953413e+002
  5.3750000e-001  4.7560954e+002
  5.4250000e-001  4.8227204e+002
  5.4750000e-001  4.8933059e+002
  5.5250000e-001  4.9878427e+002
  5.5750000e-001  5.0058281e+002
  5.6250000e-001  5.0562880e+002
  5.6750000e-001  5.1398948e+002
  5.7250000e-001  5.1504609e+002
  5.7750000e-001  5.2111104e+002
  5.8250000e-001  5.2836300e+002
  5.8750000e-001  5.3048900e+002
  5.9250000e-001  5.3776668e+002
  5.9750000e-001  5.3992620e+002
  6.0250000e-001  5.4089004e+002
  6.0750000e-001  5.3817232e+002
  6.1250000e-001  5.3910565e+002
  6.1750000e-001  5.4996135e+002
  6.2250000e-001  5.5595664e+002
  6.2750000e-001  5.5914126e+002
  6.3250000e-001  5.6778000e+002
  6.3750000e-001  5.6924094e+002
  6.4250000e-001  5.6970508e+002
  6.4750000e-001  5.7887857e+002
  6.5250000e-001  5.7765117e+002
  6.5750000e-001  5.8040296e+002
  6.6250000e-001  5.8307722e+002
  6.6750000e-001  5.8330173e+002
  6.7250000e-001  5.8879895e+002
  6.7750000e-001  5.8582668e+002
  6.8250000e-001  5.8760850e+002
  6.8750000e-001  5.9067781e+002
  6.9250000e-001  5.8649107e+002
  6.9750000e-001  5.9070817e+002
  7.0250000e-001  5.9148093e+002
  7.0750000e-001  5.8695600e+002
  7.1250000e-001  5.8891564e+002
  7.1750000e-001  5.8762377e+002
  7.2250000e-001  5.8855661e+002
  7.2750000e-001  5.8853881e+002
  7.3250000e-001  5.8063390e+002
  7.3750000e-001  5.8538750e+002
  7.4250000e-001  5.8576810e+002
  7.4750000e-001  5.7816852e+002
  7.5250000e-001  5.7838833e+002
  7.5750000e-001  5.7851652e+002
  7.6250000e-001  5.7626000e+002
  7.6750000e-001  5.7439836e+002
  7.7250000e-001  5.7020933e+002
  7.7750000e-001  5.7305141e+002
  7.8250000e-001  5.6970058e+002
  7.8750000e-001  5.6636058e+002
  7.9250000e-001  5.6949304e+002
  7.9750000e-001  5.5891175e+002
  8.0250000e-001  5.4966538e+002
  8.0750000e-001  5.5208077e+002
  8.1250000e-001  5.5209011e+002
  8.1750000e-001  5.5910139e+002
  8.2250000e-001  5.5830730e+002
  8.2750000e-001  5.5720726e+002
  8.3250000e-001  5.5933846e+002
  8.3750000e-001  5.5311497e+002
  8.4250000e-001  5.5473350e+002
  8.4750000e-001  5.5568157e+002
  8.5250000e-001  5.4913136e+002
  8.5750000e-001  5.4953574e+002
  8.6250000e-001  5.4665827e+002
  8.6750000e-001  5.2208945e+002
  8.7250000e-001  5.4364357e+002
  8.7750000e-001  5.3604871e+002
  8.8250000e-001  5.3762786e+002
  8.8750000e-001  5.3307767e+002
  8.9250000e-001  5.2841371e+002
  8.9750000e-001  5.3040213e+002
  9.0250000e-001  5.2309365e+002
  9.0750000e-001  5.2205426e+002
  9.1250000e-001  5.1847207e+002
  9.1750000e-001  5.1164027e+002
  9.2250000e-001  5.1106496e+002
  9.2750000e-001  5.0466407e+002
  9.3250000e-001  5.0268223e+002
  9.3750000e-001  4.9948027e+002
  9.4250000e-001  4.8848169e+002
  9.4750000e-001  4.8598823e+002
  9.5250000e-001  4.8226310e+002
  9.5750000e-001  4.7303523e+002
  9.6250000e-001  4.6951509e+002
  9.6750000e-001  4.6108073e+002
  9.7250000e-001  4.5645723e+002
  9.7750000e-001  4.5139285e+002
  9.8250000e-001  4.4071390e+002
  9.8750000e-001  4.3612327e+002
  9.9250000e-001  4.2216150e+002
  9.9750000e-001  4.0904708e+002
  1.0025000e+000  4.0736600e+002
